0F-InvertedOnlyMD5,0-InvertedOnlyPids,11-System_FileName,13F-System_Size,14F-System_FileAttributes,15F-System_DateModified,16F-System_DateCreated,17F-System_DateAccessed,33-System_ItemUrl,3-System_ItemFolderNameDisplay,4346-System_DateImported,4352-System_Document_DateCreated,4354-System_Document_DateSaved,4373-System_FileExtension,4378-System_FilePlaceholderStatus,4410-System_IsAttachment,4412-System_IsEncrypted,4415-System_IsFolder,4419-System_ItemDate,4421-System_ItemFolderPathDisplay,4422-System_ItemFolderPathDisplayNarrow,4423-System_ItemName,4424-System_ItemNameDisplay,4425-System_ItemNameDisplayWithoutExtension,4428-System_ItemPathDisplay,4429-System_ItemPathDisplayNarrow,4431-System_ItemType,4546-System_ParsingName,4604-System_SFGAOFlags,4605-System_Search_AccessCount,4612F-System_Search_GatherTime,4614-System_Search_LastIndexedTotalTime,4618-System_Search_Store,4655-System_ThumbnailCacheId,5-System_ItemTypeText,WorkID
"0EFE176AF48D4634C0561F7F5847B088","15124E12","rustc.1","8201","Archive (32)","25/03/2018 15:52:22.0000000","11/04/2018 16:09:16.9460860","11/04/2018 16:09:16.9460860","file:C:/Users/maxpowers/.rustup/toolchains/stable-x86_64-pc-windows-msvc/share/man/man1/rustc.1","man1","25/03/2018 15:52:22.0000000","25/03/2018 15:52:22.0000000","25/03/2018 15:52:22.0000000",".1","6","False","False","False","25/03/2018 15:52:22.0000000","C:\Users\maxpowers\.rustup\toolchains\stable-x86_64-pc-windows-msvc\share\man\man1","man1 (C:\Users\maxpowers\.rustup\toolchains\stable-x86_64-pc-windows-msvc\share\man)","rustc.1","rustc.1","rustc","C:\Users\maxpowers\.rustup\toolchains\stable-x86_64-pc-windows-msvc\share\man\man1\rustc.1","rustc (C:\Users\maxpowers\.rustup\toolchains\stable-x86_64-pc-windows-msvc\share\man\man1)",".1","rustc.1","1077936503","0","11/04/2018 16:16:23.8836524","0","file","D8064BD59ACDAA40","1 File","2631"
"49378DA72E3C25A7B26532DED9235FE2","15124E12","rustdoc.1","3569","Archive (32)","25/03/2018 15:52:22.0000000","11/04/2018 16:09:16.9460860","11/04/2018 16:09:16.9460860","file:C:/Users/maxpowers/.rustup/toolchains/stable-x86_64-pc-windows-msvc/share/man/man1/rustdoc.1","man1","25/03/2018 15:52:22.0000000","25/03/2018 15:52:22.0000000","25/03/2018 15:52:22.0000000",".1","6","False","False","False","25/03/2018 15:52:22.0000000","C:\Users\maxpowers\.rustup\toolchains\stable-x86_64-pc-windows-msvc\share\man\man1","man1 (C:\Users\maxpowers\.rustup\toolchains\stable-x86_64-pc-windows-msvc\share\man)","rustdoc.1","rustdoc.1","rustdoc","C:\Users\maxpowers\.rustup\toolchains\stable-x86_64-pc-windows-msvc\share\man\man1\rustdoc.1","rustdoc (C:\Users\maxpowers\.rustup\toolchains\stable-x86_64-pc-windows-msvc\share\man\man1)",".1","rustdoc.1","1077936503","0","11/04/2018 16:16:23.8680733","0","file","7E619A5967872476","1 File","2632"
"1E2EB1C3A4162975A7A314B65430562B","15124E12","cargo-bench.1","2716","Archive (32)","25/03/2018 16:04:17.0000000","11/04/2018 16:09:31.2586565","11/04/2018 16:09:31.2586565","file:C:/Users/maxpowers/.rustup/toolchains/stable-x86_64-pc-windows-msvc/share/man/man1/cargo-bench.1","man1","25/03/2018 16:04:17.0000000","25/03/2018 16:04:17.0000000","25/03/2018 16:04:17.0000000",".1","6","False","False","False","25/03/2018 16:04:17.0000000","C:\Users\maxpowers\.rustup\toolchains\stable-x86_64-pc-windows-msvc\share\man\man1","man1 (C:\Users\maxpowers\.rustup\toolchains\stable-x86_64-pc-windows-msvc\share\man)","cargo-bench.1","cargo-bench.1","cargo-bench","C:\Users\maxpowers\.rustup\toolchains\stable-x86_64-pc-windows-msvc\share\man\man1\cargo-bench.1","cargo-bench (C:\Users\maxpowers\.rustup\toolchains\stable-x86_64-pc-windows-msvc\share\man\man1)",".1","cargo-bench.1","1077936503","0","11/04/2018 16:16:21.2273975","0","file","AAC134B4E7F9292E","1 File","2868"
"31FCB6CB38934C01DBE9E81CC4AD9E79","15124E12","cargo-build.1","2416","Archive (32)","25/03/2018 16:04:17.0000000","11/04/2018 16:09:31.2743303","11/04/2018 16:09:31.2743303","file:C:/Users/maxpowers/.rustup/toolchains/stable-x86_64-pc-windows-msvc/share/man/man1/cargo-build.1","man1","25/03/2018 16:04:17.0000000","25/03/2018 16:04:17.0000000","25/03/2018 16:04:17.0000000",".1","6","False","False","False","25/03/2018 16:04:17.0000000","C:\Users\maxpowers\.rustup\toolchains\stable-x86_64-pc-windows-msvc\share\man\man1","man1 (C:\Users\maxpowers\.rustup\toolchains\stable-x86_64-pc-windows-msvc\share\man)","cargo-build.1","cargo-build.1","cargo-build","C:\Users\maxpowers\.rustup\toolchains\stable-x86_64-pc-windows-msvc\share\man\man1\cargo-build.1","cargo-build (C:\Users\maxpowers\.rustup\toolchains\stable-x86_64-pc-windows-msvc\share\man\man1)",".1","cargo-build.1","1077936503","0","11/04/2018 16:16:21.2273975","0,015625","file","261ADDFC1FCDD78E","1 File","2869"
"08E0AD81586CC57AC43F648287935AB5","15124E12","cargo-check.1","2401","Archive (32)","25/03/2018 16:04:17.0000000","11/04/2018 16:09:31.2743303","11/04/2018 16:09:31.2743303","file:C:/Users/maxpowers/.rustup/toolchains/stable-x86_64-pc-windows-msvc/share/man/man1/cargo-check.1","man1","25/03/2018 16:04:17.0000000","25/03/2018 16:04:17.0000000","25/03/2018 16:04:17.0000000",".1","6","False","False","False","25/03/2018 16:04:17.0000000","C:\Users\maxpowers\.rustup\toolchains\stable-x86_64-pc-windows-msvc\share\man\man1","man1 (C:\Users\maxpowers\.rustup\toolchains\stable-x86_64-pc-windows-msvc\share\man)","cargo-check.1","cargo-check.1","cargo-check","C:\Users\maxpowers\.rustup\toolchains\stable-x86_64-pc-windows-msvc\share\man\man1\cargo-check.1","cargo-check (C:\Users\maxpowers\.rustup\toolchains\stable-x86_64-pc-windows-msvc\share\man\man1)",".1","cargo-check.1","1077936503","0","11/04/2018 16:16:21.2117868","0","file","3BEF7CAF6B8FB90D","1 File","2870"
"17D59CD144C1453CFF57AF3265093027","15124E12","cargo-clean.1","1486","Archive (32)","25/03/2018 16:04:17.0000000","11/04/2018 16:09:31.2743303","11/04/2018 16:09:31.2743303","file:C:/Users/maxpowers/.rustup/toolchains/stable-x86_64-pc-windows-msvc/share/man/man1/cargo-clean.1","man1","25/03/2018 16:04:17.0000000","25/03/2018 16:04:17.0000000","25/03/2018 16:04:17.0000000",".1","6","False","False","False","25/03/2018 16:04:17.0000000","C:\Users\maxpowers\.rustup\toolchains\stable-x86_64-pc-windows-msvc\share\man\man1","man1 (C:\Users\maxpowers\.rustup\toolchains\stable-x86_64-pc-windows-msvc\share\man)","cargo-clean.1","cargo-clean.1","cargo-clean","C:\Users\maxpowers\.rustup\toolchains\stable-x86_64-pc-windows-msvc\share\man\man1\cargo-clean.1","cargo-clean (C:\Users\maxpowers\.rustup\toolchains\stable-x86_64-pc-windows-msvc\share\man\man1)",".1","cargo-clean.1","1077936503","0","11/04/2018 16:16:21.2117868","0","file","668343A18AEF8FE8","1 File","2871"
"12DE750EEAB35FB7E63F91D7BC18AE41","15124E12","cargo-doc.1","2048","Archive (32)","25/03/2018 16:04:17.0000000","11/04/2018 16:09:31.3211831","11/04/2018 16:09:31.3211831","file:C:/Users/maxpowers/.rustup/toolchains/stable-x86_64-pc-windows-msvc/share/man/man1/cargo-doc.1","man1","25/03/2018 16:04:17.0000000","25/03/2018 16:04:17.0000000","25/03/2018 16:04:17.0000000",".1","6","False","False","False","25/03/2018 16:04:17.0000000","C:\Users\maxpowers\.rustup\toolchains\stable-x86_64-pc-windows-msvc\share\man\man1","man1 (C:\Users\maxpowers\.rustup\toolchains\stable-x86_64-pc-windows-msvc\share\man)","cargo-doc.1","cargo-doc.1","cargo-doc","C:\Users\maxpowers\.rustup\toolchains\stable-x86_64-pc-windows-msvc\share\man\man1\cargo-doc.1","cargo-doc (C:\Users\maxpowers\.rustup\toolchains\stable-x86_64-pc-windows-msvc\share\man\man1)",".1","cargo-doc.1","1077936503","0","11/04/2018 16:16:21.2117868","0,03125","file","5E0C35B84ACDA22A","1 File","2872"
"E447D14FFC78984F3A2C2E47BBF47F50","15124E12","cargo-fetch.1","1143","Archive (32)","25/03/2018 16:04:17.0000000","11/04/2018 16:09:31.3211831","11/04/2018 16:09:31.3211831","file:C:/Users/maxpowers/.rustup/toolchains/stable-x86_64-pc-windows-msvc/share/man/man1/cargo-fetch.1","man1","25/03/2018 16:04:17.0000000","25/03/2018 16:04:17.0000000","25/03/2018 16:04:17.0000000",".1","6","False","False","False","25/03/2018 16:04:17.0000000","C:\Users\maxpowers\.rustup\toolchains\stable-x86_64-pc-windows-msvc\share\man\man1","man1 (C:\Users\maxpowers\.rustup\toolchains\stable-x86_64-pc-windows-msvc\share\man)","cargo-fetch.1","cargo-fetch.1","cargo-fetch","C:\Users\maxpowers\.rustup\toolchains\stable-x86_64-pc-windows-msvc\share\man\man1\cargo-fetch.1","cargo-fetch (C:\Users\maxpowers\.rustup\toolchains\stable-x86_64-pc-windows-msvc\share\man\man1)",".1","cargo-fetch.1","1077936503","0","11/04/2018 16:16:21.1961765","0","file","5431B543065E8DC0","1 File","2873"
"052AB7651B8BFE0DB5C5337BB1D284DE","15124E12","cargo-generate-lockfile.1","733","Archive (32)","25/03/2018 16:04:17.0000000","11/04/2018 16:09:31.3211831","11/04/2018 16:09:31.3211831","file:C:/Users/maxpowers/.rustup/toolchains/stable-x86_64-pc-windows-msvc/share/man/man1/cargo-generate-lockfile.1","man1","25/03/2018 16:04:17.0000000","25/03/2018 16:04:17.0000000","25/03/2018 16:04:17.0000000",".1","6","False","False","False","25/03/2018 16:04:17.0000000","C:\Users\maxpowers\.rustup\toolchains\stable-x86_64-pc-windows-msvc\share\man\man1","man1 (C:\Users\maxpowers\.rustup\toolchains\stable-x86_64-pc-windows-msvc\share\man)","cargo-generate-lockfile.1","cargo-generate-lockfile.1","cargo-generate-lockfile","C:\Users\maxpowers\.rustup\toolchains\stable-x86_64-pc-windows-msvc\share\man\man1\cargo-generate-lockfile.1","cargo-generate-lockfile (C:\Users\maxpowers\.rustup\toolchains\stable-x86_64-pc-windows-msvc\share\man\man1)",".1","cargo-generate-lockfile.1","1077936503","0","11/04/2018 16:16:21.1961765","0","file","F7806705A62A8B36","1 File","2874"
"59F686E3F9DB7438C92309DED7410097","15124E12","cargo-init.1","1247","Archive (32)","25/03/2018 16:04:17.0000000","11/04/2018 16:09:31.3367382","11/04/2018 16:09:31.3367382","file:C:/Users/maxpowers/.rustup/toolchains/stable-x86_64-pc-windows-msvc/share/man/man1/cargo-init.1","man1","25/03/2018 16:04:17.0000000","25/03/2018 16:04:17.0000000","25/03/2018 16:04:17.0000000",".1","6","False","False","False","25/03/2018 16:04:17.0000000","C:\Users\maxpowers\.rustup\toolchains\stable-x86_64-pc-windows-msvc\share\man\man1","man1 (C:\Users\maxpowers\.rustup\toolchains\stable-x86_64-pc-windows-msvc\share\man)","cargo-init.1","cargo-init.1","cargo-init","C:\Users\maxpowers\.rustup\toolchains\stable-x86_64-pc-windows-msvc\share\man\man1\cargo-init.1","cargo-init (C:\Users\maxpowers\.rustup\toolchains\stable-x86_64-pc-windows-msvc\share\man\man1)",".1","cargo-init.1","1077936503","0","11/04/2018 16:16:21.1961765","0","file","AD60643ADB6B034B","1 File","2875"
"1E3ED9CE332275BC0DBEB1EC8B91AD7B","15124E12","cargo-install.1","4041","Archive (32)","25/03/2018 16:04:17.0000000","11/04/2018 16:09:31.3680427","11/04/2018 16:09:31.3680427","file:C:/Users/maxpowers/.rustup/toolchains/stable-x86_64-pc-windows-msvc/share/man/man1/cargo-install.1","man1","25/03/2018 16:04:17.0000000","25/03/2018 16:04:17.0000000","25/03/2018 16:04:17.0000000",".1","6","False","False","False","25/03/2018 16:04:17.0000000","C:\Users\maxpowers\.rustup\toolchains\stable-x86_64-pc-windows-msvc\share\man\man1","man1 (C:\Users\maxpowers\.rustup\toolchains\stable-x86_64-pc-windows-msvc\share\man)","cargo-install.1","cargo-install.1","cargo-install","C:\Users\maxpowers\.rustup\toolchains\stable-x86_64-pc-windows-msvc\share\man\man1\cargo-install.1","cargo-install (C:\Users\maxpowers\.rustup\toolchains\stable-x86_64-pc-windows-msvc\share\man\man1)",".1","cargo-install.1","1077936503","0","11/04/2018 16:16:21.1961765","0,015625","file","460909E7CBD712D5","1 File","2876"
"F4DCB941019B3082D73E33110840D53F","15124E12","cargo-login.1","703","Archive (32)","25/03/2018 16:04:17.0000000","11/04/2018 16:09:31.3993707","11/04/2018 16:09:31.3993707","file:C:/Users/maxpowers/.rustup/toolchains/stable-x86_64-pc-windows-msvc/share/man/man1/cargo-login.1","man1","25/03/2018 16:04:17.0000000","25/03/2018 16:04:17.0000000","25/03/2018 16:04:17.0000000",".1","6","False","False","False","25/03/2018 16:04:17.0000000","C:\Users\maxpowers\.rustup\toolchains\stable-x86_64-pc-windows-msvc\share\man\man1","man1 (C:\Users\maxpowers\.rustup\toolchains\stable-x86_64-pc-windows-msvc\share\man)","cargo-login.1","cargo-login.1","cargo-login","C:\Users\maxpowers\.rustup\toolchains\stable-x86_64-pc-windows-msvc\share\man\man1\cargo-login.1","cargo-login (C:\Users\maxpowers\.rustup\toolchains\stable-x86_64-pc-windows-msvc\share\man\man1)",".1","cargo-login.1","1077936503","0","11/04/2018 16:16:21.1805315","0","file","BC8AD4FDA8215B40","1 File","2877"
"2DDC1B6ED57994CD366DFD8E2C870BB9","15124E12","cargo-metadata.1","1275","Archive (32)","25/03/2018 16:04:17.0000000","11/04/2018 16:09:31.3993707","11/04/2018 16:09:31.3993707","file:C:/Users/maxpowers/.rustup/toolchains/stable-x86_64-pc-windows-msvc/share/man/man1/cargo-metadata.1","man1","25/03/2018 16:04:17.0000000","25/03/2018 16:04:17.0000000","25/03/2018 16:04:17.0000000",".1","6","False","False","False","25/03/2018 16:04:17.0000000","C:\Users\maxpowers\.rustup\toolchains\stable-x86_64-pc-windows-msvc\share\man\man1","man1 (C:\Users\maxpowers\.rustup\toolchains\stable-x86_64-pc-windows-msvc\share\man)","cargo-metadata.1","cargo-metadata.1","cargo-metadata","C:\Users\maxpowers\.rustup\toolchains\stable-x86_64-pc-windows-msvc\share\man\man1\cargo-metadata.1","cargo-metadata (C:\Users\maxpowers\.rustup\toolchains\stable-x86_64-pc-windows-msvc\share\man\man1)",".1","cargo-metadata.1","1077936503","0","11/04/2018 16:16:21.1805315","0","file","4C66A4920ACB2202","1 File","2878"
"BB798E3B52BBB09582707713405F9AB2","15124E12","cargo-new.1","1211","Archive (32)","25/03/2018 16:04:17.0000000","11/04/2018 16:09:31.3993707","11/04/2018 16:09:31.3993707","file:C:/Users/maxpowers/.rustup/toolchains/stable-x86_64-pc-windows-msvc/share/man/man1/cargo-new.1","man1","25/03/2018 16:04:17.0000000","25/03/2018 16:04:17.0000000","25/03/2018 16:04:17.0000000",".1","6","False","False","False","25/03/2018 16:04:17.0000000","C:\Users\maxpowers\.rustup\toolchains\stable-x86_64-pc-windows-msvc\share\man\man1","man1 (C:\Users\maxpowers\.rustup\toolchains\stable-x86_64-pc-windows-msvc\share\man)","cargo-new.1","cargo-new.1","cargo-new","C:\Users\maxpowers\.rustup\toolchains\stable-x86_64-pc-windows-msvc\share\man\man1\cargo-new.1","cargo-new (C:\Users\maxpowers\.rustup\toolchains\stable-x86_64-pc-windows-msvc\share\man\man1)",".1","cargo-new.1","1077936503","0","11/04/2018 16:16:21.1805315","0,015625","file","0F2B4C6773BE971B","1 File","2879"
"C8F39D58072CA00A2AB911D5272539CC","15124E12","cargo-owner.1","1590","Archive (32)","25/03/2018 16:04:17.0000000","11/04/2018 16:09:31.4149224","11/04/2018 16:09:31.4149224","file:C:/Users/maxpowers/.rustup/toolchains/stable-x86_64-pc-windows-msvc/share/man/man1/cargo-owner.1","man1","25/03/2018 16:04:17.0000000","25/03/2018 16:04:17.0000000","25/03/2018 16:04:17.0000000",".1","6","False","False","False","25/03/2018 16:04:17.0000000","C:\Users\maxpowers\.rustup\toolchains\stable-x86_64-pc-windows-msvc\share\man\man1","man1 (C:\Users\maxpowers\.rustup\toolchains\stable-x86_64-pc-windows-msvc\share\man)","cargo-owner.1","cargo-owner.1","cargo-owner","C:\Users\maxpowers\.rustup\toolchains\stable-x86_64-pc-windows-msvc\share\man\man1\cargo-owner.1","cargo-owner (C:\Users\maxpowers\.rustup\toolchains\stable-x86_64-pc-windows-msvc\share\man\man1)",".1","cargo-owner.1","1077936503","0","11/04/2018 16:16:21.1649127","0","file","2D2EAC0C55F4C7FF","1 File","2880"
"7991C96B29AC969377B24285AC693E09","15124E12","cargo-package.1","1026","Archive (32)","25/03/2018 16:04:17.0000000","11/04/2018 16:09:31.4461487","11/04/2018 16:09:31.4461487","file:C:/Users/maxpowers/.rustup/toolchains/stable-x86_64-pc-windows-msvc/share/man/man1/cargo-package.1","man1","25/03/2018 16:04:17.0000000","25/03/2018 16:04:17.0000000","25/03/2018 16:04:17.0000000",".1","6","False","False","False","25/03/2018 16:04:17.0000000","C:\Users\maxpowers\.rustup\toolchains\stable-x86_64-pc-windows-msvc\share\man\man1","man1 (C:\Users\maxpowers\.rustup\toolchains\stable-x86_64-pc-windows-msvc\share\man)","cargo-package.1","cargo-package.1","cargo-package","C:\Users\maxpowers\.rustup\toolchains\stable-x86_64-pc-windows-msvc\share\man\man1\cargo-package.1","cargo-package (C:\Users\maxpowers\.rustup\toolchains\stable-x86_64-pc-windows-msvc\share\man\man1)",".1","cargo-package.1","1077936503","0","11/04/2018 16:16:21.1649127","0","file","670037E71008A476","1 File","2881"
"F24AC7C34E621DC4C5513CD914D0C9A4","15124E12","cargo-pkgid.1","1490","Archive (32)","25/03/2018 16:04:17.0000000","11/04/2018 16:09:31.4461487","11/04/2018 16:09:31.4461487","file:C:/Users/maxpowers/.rustup/toolchains/stable-x86_64-pc-windows-msvc/share/man/man1/cargo-pkgid.1","man1","25/03/2018 16:04:17.0000000","25/03/2018 16:04:17.0000000","25/03/2018 16:04:17.0000000",".1","6","False","False","False","25/03/2018 16:04:17.0000000","C:\Users\maxpowers\.rustup\toolchains\stable-x86_64-pc-windows-msvc\share\man\man1","man1 (C:\Users\maxpowers\.rustup\toolchains\stable-x86_64-pc-windows-msvc\share\man)","cargo-pkgid.1","cargo-pkgid.1","cargo-pkgid","C:\Users\maxpowers\.rustup\toolchains\stable-x86_64-pc-windows-msvc\share\man\man1\cargo-pkgid.1","cargo-pkgid (C:\Users\maxpowers\.rustup\toolchains\stable-x86_64-pc-windows-msvc\share\man\man1)",".1","cargo-pkgid.1","1077936503","0","11/04/2018 16:16:21.1649127","0","file","FDB055436830C241","1 File","2882"
"2FEF6E36E841536047C32EB79D8C7689","15124E12","cargo-publish.1","1009","Archive (32)","25/03/2018 16:04:17.0000000","11/04/2018 16:09:31.4461487","11/04/2018 16:09:31.4461487","file:C:/Users/maxpowers/.rustup/toolchains/stable-x86_64-pc-windows-msvc/share/man/man1/cargo-publish.1","man1","25/03/2018 16:04:17.0000000","25/03/2018 16:04:17.0000000","25/03/2018 16:04:17.0000000",".1","6","False","False","False","25/03/2018 16:04:17.0000000","C:\Users\maxpowers\.rustup\toolchains\stable-x86_64-pc-windows-msvc\share\man\man1","man1 (C:\Users\maxpowers\.rustup\toolchains\stable-x86_64-pc-windows-msvc\share\man)","cargo-publish.1","cargo-publish.1","cargo-publish","C:\Users\maxpowers\.rustup\toolchains\stable-x86_64-pc-windows-msvc\share\man\man1\cargo-publish.1","cargo-publish (C:\Users\maxpowers\.rustup\toolchains\stable-x86_64-pc-windows-msvc\share\man\man1)",".1","cargo-publish.1","1077936503","0","11/04/2018 16:16:21.1649127","0,015625","file","442FE1785F5E8BE6","1 File","2883"
"9CB56904FDDA809022F95A4FBC00658F","15124E12","cargo-run.1","2070","Archive (32)","25/03/2018 16:04:17.0000000","11/04/2018 16:09:31.4618309","11/04/2018 16:09:31.4618309","file:C:/Users/maxpowers/.rustup/toolchains/stable-x86_64-pc-windows-msvc/share/man/man1/cargo-run.1","man1","25/03/2018 16:04:17.0000000","25/03/2018 16:04:17.0000000","25/03/2018 16:04:17.0000000",".1","6","False","False","False","25/03/2018 16:04:17.0000000","C:\Users\maxpowers\.rustup\toolchains\stable-x86_64-pc-windows-msvc\share\man\man1","man1 (C:\Users\maxpowers\.rustup\toolchains\stable-x86_64-pc-windows-msvc\share\man)","cargo-run.1","cargo-run.1","cargo-run","C:\Users\maxpowers\.rustup\toolchains\stable-x86_64-pc-windows-msvc\share\man\man1\cargo-run.1","cargo-run (C:\Users\maxpowers\.rustup\toolchains\stable-x86_64-pc-windows-msvc\share\man\man1)",".1","cargo-run.1","1077936503","0","11/04/2018 16:16:21.1493018","0","file","65438DF330EFB9BE","1 File","2884"
"BBF8FA1F90EA97B43F955C15C0C5928D","15124E12","cargo-rustc.1","2587","Archive (32)","25/03/2018 16:04:17.0000000","11/04/2018 16:09:31.4774608","11/04/2018 16:09:31.4774608","file:C:/Users/maxpowers/.rustup/toolchains/stable-x86_64-pc-windows-msvc/share/man/man1/cargo-rustc.1","man1","25/03/2018 16:04:17.0000000","25/03/2018 16:04:17.0000000","25/03/2018 16:04:17.0000000",".1","6","False","False","False","25/03/2018 16:04:17.0000000","C:\Users\maxpowers\.rustup\toolchains\stable-x86_64-pc-windows-msvc\share\man\man1","man1 (C:\Users\maxpowers\.rustup\toolchains\stable-x86_64-pc-windows-msvc\share\man)","cargo-rustc.1","cargo-rustc.1","cargo-rustc","C:\Users\maxpowers\.rustup\toolchains\stable-x86_64-pc-windows-msvc\share\man\man1\cargo-rustc.1","cargo-rustc (C:\Users\maxpowers\.rustup\toolchains\stable-x86_64-pc-windows-msvc\share\man\man1)",".1","cargo-rustc.1","1077936503","0","11/04/2018 16:16:21.1493018","0","file","F092843947BA2E10","1 File","2885"
"DE1DC9335A8729A8025645DD01468E06","15124E12","cargo-rustdoc.1","2496","Archive (32)","25/03/2018 16:04:17.0000000","11/04/2018 16:09:31.4774608","11/04/2018 16:09:31.4774608","file:C:/Users/maxpowers/.rustup/toolchains/stable-x86_64-pc-windows-msvc/share/man/man1/cargo-rustdoc.1","man1","25/03/2018 16:04:17.0000000","25/03/2018 16:04:17.0000000","25/03/2018 16:04:17.0000000",".1","6","False","False","False","25/03/2018 16:04:17.0000000","C:\Users\maxpowers\.rustup\toolchains\stable-x86_64-pc-windows-msvc\share\man\man1","man1 (C:\Users\maxpowers\.rustup\toolchains\stable-x86_64-pc-windows-msvc\share\man)","cargo-rustdoc.1","cargo-rustdoc.1","cargo-rustdoc","C:\Users\maxpowers\.rustup\toolchains\stable-x86_64-pc-windows-msvc\share\man\man1\cargo-rustdoc.1","cargo-rustdoc (C:\Users\maxpowers\.rustup\toolchains\stable-x86_64-pc-windows-msvc\share\man\man1)",".1","cargo-rustdoc.1","1077936503","0","11/04/2018 16:16:21.1493018","0","file","F5B51FF1329D5A76","1 File","2886"
"357E49DB7BA662ECE54671A70F95E54C","15124E12","cargo-search.1","869","Archive (32)","25/03/2018 16:04:17.0000000","11/04/2018 16:09:31.4774608","11/04/2018 16:09:31.4774608","file:C:/Users/maxpowers/.rustup/toolchains/stable-x86_64-pc-windows-msvc/share/man/man1/cargo-search.1","man1","25/03/2018 16:04:17.0000000","25/03/2018 16:04:17.0000000","25/03/2018 16:04:17.0000000",".1","6","False","False","False","25/03/2018 16:04:17.0000000","C:\Users\maxpowers\.rustup\toolchains\stable-x86_64-pc-windows-msvc\share\man\man1","man1 (C:\Users\maxpowers\.rustup\toolchains\stable-x86_64-pc-windows-msvc\share\man)","cargo-search.1","cargo-search.1","cargo-search","C:\Users\maxpowers\.rustup\toolchains\stable-x86_64-pc-windows-msvc\share\man\man1\cargo-search.1","cargo-search (C:\Users\maxpowers\.rustup\toolchains\stable-x86_64-pc-windows-msvc\share\man\man1)",".1","cargo-search.1","1077936503","0","11/04/2018 16:16:21.1493018","0,015625","file","0E7CF3E310294001","1 File","2887"
"0B13BB2848DC8221E80D8F7D5DF0B22A","15124E12","cargo-test.1","3225","Archive (32)","25/03/2018 16:04:17.0000000","11/04/2018 16:09:31.4774608","11/04/2018 16:09:31.4774608","file:C:/Users/maxpowers/.rustup/toolchains/stable-x86_64-pc-windows-msvc/share/man/man1/cargo-test.1","man1","25/03/2018 16:04:17.0000000","25/03/2018 16:04:17.0000000","25/03/2018 16:04:17.0000000",".1","6","False","False","False","25/03/2018 16:04:17.0000000","C:\Users\maxpowers\.rustup\toolchains\stable-x86_64-pc-windows-msvc\share\man\man1","man1 (C:\Users\maxpowers\.rustup\toolchains\stable-x86_64-pc-windows-msvc\share\man)","cargo-test.1","cargo-test.1","cargo-test","C:\Users\maxpowers\.rustup\toolchains\stable-x86_64-pc-windows-msvc\share\man\man1\cargo-test.1","cargo-test (C:\Users\maxpowers\.rustup\toolchains\stable-x86_64-pc-windows-msvc\share\man\man1)",".1","cargo-test.1","1077936503","0","11/04/2018 16:16:21.1338077","0","file","1648B98DFE447AB0","1 File","2888"
"A9FB430497F3F105D61AF7A122181795","15124E12","cargo-uninstall.1","1120","Archive (32)","25/03/2018 16:04:17.0000000","11/04/2018 16:09:31.4774608","11/04/2018 16:09:31.4774608","file:C:/Users/maxpowers/.rustup/toolchains/stable-x86_64-pc-windows-msvc/share/man/man1/cargo-uninstall.1","man1","25/03/2018 16:04:17.0000000","25/03/2018 16:04:17.0000000","25/03/2018 16:04:17.0000000",".1","6","False","False","False","25/03/2018 16:04:17.0000000","C:\Users\maxpowers\.rustup\toolchains\stable-x86_64-pc-windows-msvc\share\man\man1","man1 (C:\Users\maxpowers\.rustup\toolchains\stable-x86_64-pc-windows-msvc\share\man)","cargo-uninstall.1","cargo-uninstall.1","cargo-uninstall","C:\Users\maxpowers\.rustup\toolchains\stable-x86_64-pc-windows-msvc\share\man\man1\cargo-uninstall.1","cargo-uninstall (C:\Users\maxpowers\.rustup\toolchains\stable-x86_64-pc-windows-msvc\share\man\man1)",".1","cargo-uninstall.1","1077936503","0","11/04/2018 16:16:21.1338077","0","file","EFAC4025E422CB64","1 File","2889"
"F7A1397477FD260619247A833FA0E831","15124E12","cargo-update.1","1987","Archive (32)","25/03/2018 16:04:17.0000000","11/04/2018 16:09:31.4931139","11/04/2018 16:09:31.4931139","file:C:/Users/maxpowers/.rustup/toolchains/stable-x86_64-pc-windows-msvc/share/man/man1/cargo-update.1","man1","25/03/2018 16:04:17.0000000","25/03/2018 16:04:17.0000000","25/03/2018 16:04:17.0000000",".1","6","False","False","False","25/03/2018 16:04:17.0000000","C:\Users\maxpowers\.rustup\toolchains\stable-x86_64-pc-windows-msvc\share\man\man1","man1 (C:\Users\maxpowers\.rustup\toolchains\stable-x86_64-pc-windows-msvc\share\man)","cargo-update.1","cargo-update.1","cargo-update","C:\Users\maxpowers\.rustup\toolchains\stable-x86_64-pc-windows-msvc\share\man\man1\cargo-update.1","cargo-update (C:\Users\maxpowers\.rustup\toolchains\stable-x86_64-pc-windows-msvc\share\man\man1)",".1","cargo-update.1","1077936503","0","11/04/2018 16:16:21.1338077","0,015625","file","14520480AC24198D","1 File","2890"
"BBAAB5D063F78047E4D32DAD91429C07","15124E12","cargo-version.1","537","Archive (32)","25/03/2018 16:04:17.0000000","11/04/2018 16:09:31.4931139","11/04/2018 16:09:31.4931139","file:C:/Users/maxpowers/.rustup/toolchains/stable-x86_64-pc-windows-msvc/share/man/man1/cargo-version.1","man1","25/03/2018 16:04:17.0000000","25/03/2018 16:04:17.0000000","25/03/2018 16:04:17.0000000",".1","6","False","False","False","25/03/2018 16:04:17.0000000","C:\Users\maxpowers\.rustup\toolchains\stable-x86_64-pc-windows-msvc\share\man\man1","man1 (C:\Users\maxpowers\.rustup\toolchains\stable-x86_64-pc-windows-msvc\share\man)","cargo-version.1","cargo-version.1","cargo-version","C:\Users\maxpowers\.rustup\toolchains\stable-x86_64-pc-windows-msvc\share\man\man1\cargo-version.1","cargo-version (C:\Users\maxpowers\.rustup\toolchains\stable-x86_64-pc-windows-msvc\share\man\man1)",".1","cargo-version.1","1077936503","0","11/04/2018 16:16:21.1180503","0","file","66DB71AFBE10A61F","1 File","2891"
"1160B6BA93AF41CE3EF6AF66826B5691","15124E12","cargo-yank.1","1388","Archive (32)","25/03/2018 16:04:17.0000000","11/04/2018 16:09:31.4931139","11/04/2018 16:09:31.4931139","file:C:/Users/maxpowers/.rustup/toolchains/stable-x86_64-pc-windows-msvc/share/man/man1/cargo-yank.1","man1","25/03/2018 16:04:17.0000000","25/03/2018 16:04:17.0000000","25/03/2018 16:04:17.0000000",".1","6","False","False","False","25/03/2018 16:04:17.0000000","C:\Users\maxpowers\.rustup\toolchains\stable-x86_64-pc-windows-msvc\share\man\man1","man1 (C:\Users\maxpowers\.rustup\toolchains\stable-x86_64-pc-windows-msvc\share\man)","cargo-yank.1","cargo-yank.1","cargo-yank","C:\Users\maxpowers\.rustup\toolchains\stable-x86_64-pc-windows-msvc\share\man\man1\cargo-yank.1","cargo-yank (C:\Users\maxpowers\.rustup\toolchains\stable-x86_64-pc-windows-msvc\share\man\man1)",".1","cargo-yank.1","1077936503","0","11/04/2018 16:16:21.1180503","0","file","E7C8069326349B3D","1 File","2892"
"A757169C82F4EAAA5BF42A6E01478F2D","15124E12","cargo.1","3177","Archive (32)","25/03/2018 16:04:17.0000000","11/04/2018 16:09:31.4931139","11/04/2018 16:09:31.4931139","file:C:/Users/maxpowers/.rustup/toolchains/stable-x86_64-pc-windows-msvc/share/man/man1/cargo.1","man1","25/03/2018 16:04:17.0000000","25/03/2018 16:04:17.0000000","25/03/2018 16:04:17.0000000",".1","6","False","False","False","25/03/2018 16:04:17.0000000","C:\Users\maxpowers\.rustup\toolchains\stable-x86_64-pc-windows-msvc\share\man\man1","man1 (C:\Users\maxpowers\.rustup\toolchains\stable-x86_64-pc-windows-msvc\share\man)","cargo.1","cargo.1","cargo","C:\Users\maxpowers\.rustup\toolchains\stable-x86_64-pc-windows-msvc\share\man\man1\cargo.1","cargo (C:\Users\maxpowers\.rustup\toolchains\stable-x86_64-pc-windows-msvc\share\man\man1)",".1","cargo.1","1077936503","0","11/04/2018 16:16:21.1180503","0,015625","file","43FEAE6872B465DF","1 File","2893"
